# Sampled starts of the middleware sequence types, from its own draw and position functions.
# type tracks weights seed played-per-start (slot in base 36, . none, * every track)
0 1 - 1 ****************************************
0 1 - 7 ****************************************
0 1 - 2024 ****************************************
0 1 - 2654435769 ****************************************
0 1 - 4294967295 ****************************************
0 1 100 1 ****************************************
0 1 100 7 ****************************************
0 1 100 2024 ****************************************
0 1 100 2654435769 ****************************************
0 1 100 4294967295 ****************************************
0 2 - 1 ****************************************
0 2 - 7 ****************************************
0 2 - 2024 ****************************************
0 2 - 2654435769 ****************************************
0 2 - 4294967295 ****************************************
0 2 100,100 1 ****************************************
0 2 100,100 7 ****************************************
0 2 100,100 2024 ****************************************
0 2 100,100 2654435769 ****************************************
0 2 100,100 4294967295 ****************************************
0 3 - 1 ****************************************
0 3 - 7 ****************************************
0 3 - 2024 ****************************************
0 3 - 2654435769 ****************************************
0 3 - 4294967295 ****************************************
0 3 100,100,100 1 ****************************************
0 3 100,100,100 7 ****************************************
0 3 100,100,100 2024 ****************************************
0 3 100,100,100 2654435769 ****************************************
0 3 100,100,100 4294967295 ****************************************
0 4 - 1 ****************************************
0 4 - 7 ****************************************
0 4 - 2024 ****************************************
0 4 - 2654435769 ****************************************
0 4 - 4294967295 ****************************************
0 4 100,100,100,100 1 ****************************************
0 4 100,100,100,100 7 ****************************************
0 4 100,100,100,100 2024 ****************************************
0 4 100,100,100,100 2654435769 ****************************************
0 4 100,100,100,100 4294967295 ****************************************
0 5 - 1 ****************************************
0 5 - 7 ****************************************
0 5 - 2024 ****************************************
0 5 - 2654435769 ****************************************
0 5 - 4294967295 ****************************************
0 5 100,100,100,100,100 1 ****************************************
0 5 100,100,100,100,100 7 ****************************************
0 5 100,100,100,100,100 2024 ****************************************
0 5 100,100,100,100,100 2654435769 ****************************************
0 5 100,100,100,100,100 4294967295 ****************************************
0 6 - 1 ****************************************
0 6 - 7 ****************************************
0 6 - 2024 ****************************************
0 6 - 2654435769 ****************************************
0 6 - 4294967295 ****************************************
0 6 100,100,100,100,100,100 1 ****************************************
0 6 100,100,100,100,100,100 7 ****************************************
0 6 100,100,100,100,100,100 2024 ****************************************
0 6 100,100,100,100,100,100 2654435769 ****************************************
0 6 100,100,100,100,100,100 4294967295 ****************************************
1 1 - 1 0000000000000000000000000000000000000000
1 1 - 7 0000000000000000000000000000000000000000
1 1 - 2024 0000000000000000000000000000000000000000
1 1 - 2654435769 0000000000000000000000000000000000000000
1 1 - 4294967295 0000000000000000000000000000000000000000
1 1 100 1 0000000000000000000000000000000000000000
1 1 100 7 0000000000000000000000000000000000000000
1 1 100 2024 0000000000000000000000000000000000000000
1 1 100 2654435769 0000000000000000000000000000000000000000
1 1 100 4294967295 0000000000000000000000000000000000000000
1 2 - 1 0101010101010101010101010101010101010101
1 2 - 7 0101010101010101010101010101010101010101
1 2 - 2024 0101010101010101010101010101010101010101
1 2 - 2654435769 0101010101010101010101010101010101010101
1 2 - 4294967295 0101010101010101010101010101010101010101
1 2 100,100 1 0101010101010101010101010101010101010101
1 2 100,100 7 0101010101010101010101010101010101010101
1 2 100,100 2024 0101010101010101010101010101010101010101
1 2 100,100 2654435769 0101010101010101010101010101010101010101
1 2 100,100 4294967295 0101010101010101010101010101010101010101
1 3 - 1 0120120120120120120120120120120120120120
1 3 - 7 0120120120120120120120120120120120120120
1 3 - 2024 0120120120120120120120120120120120120120
1 3 - 2654435769 0120120120120120120120120120120120120120
1 3 - 4294967295 0120120120120120120120120120120120120120
1 3 100,100,100 1 0120120120120120120120120120120120120120
1 3 100,100,100 7 0120120120120120120120120120120120120120
1 3 100,100,100 2024 0120120120120120120120120120120120120120
1 3 100,100,100 2654435769 0120120120120120120120120120120120120120
1 3 100,100,100 4294967295 0120120120120120120120120120120120120120
1 4 - 1 0123012301230123012301230123012301230123
1 4 - 7 0123012301230123012301230123012301230123
1 4 - 2024 0123012301230123012301230123012301230123
1 4 - 2654435769 0123012301230123012301230123012301230123
1 4 - 4294967295 0123012301230123012301230123012301230123
1 4 100,100,100,100 1 0123012301230123012301230123012301230123
1 4 100,100,100,100 7 0123012301230123012301230123012301230123
1 4 100,100,100,100 2024 0123012301230123012301230123012301230123
1 4 100,100,100,100 2654435769 0123012301230123012301230123012301230123
1 4 100,100,100,100 4294967295 0123012301230123012301230123012301230123
1 5 - 1 0123401234012340123401234012340123401234
1 5 - 7 0123401234012340123401234012340123401234
1 5 - 2024 0123401234012340123401234012340123401234
1 5 - 2654435769 0123401234012340123401234012340123401234
1 5 - 4294967295 0123401234012340123401234012340123401234
1 5 100,100,100,100,100 1 0123401234012340123401234012340123401234
1 5 100,100,100,100,100 7 0123401234012340123401234012340123401234
1 5 100,100,100,100,100 2024 0123401234012340123401234012340123401234
1 5 100,100,100,100,100 2654435769 0123401234012340123401234012340123401234
1 5 100,100,100,100,100 4294967295 0123401234012340123401234012340123401234
1 6 - 1 0123450123450123450123450123450123450123
1 6 - 7 0123450123450123450123450123450123450123
1 6 - 2024 0123450123450123450123450123450123450123
1 6 - 2654435769 0123450123450123450123450123450123450123
1 6 - 4294967295 0123450123450123450123450123450123450123
1 6 100,100,100,100,100,100 1 0123450123450123450123450123450123450123
1 6 100,100,100,100,100,100 7 0123450123450123450123450123450123450123
1 6 100,100,100,100,100,100 2024 0123450123450123450123450123450123450123
1 6 100,100,100,100,100,100 2654435769 0123450123450123450123450123450123450123
1 6 100,100,100,100,100,100 4294967295 0123450123450123450123450123450123450123
2 1 - 1 0000000000000000000000000000000000000000
2 1 - 7 0000000000000000000000000000000000000000
2 1 - 2024 0000000000000000000000000000000000000000
2 1 - 2654435769 0000000000000000000000000000000000000000
2 1 - 4294967295 0000000000000000000000000000000000000000
2 1 100 1 0000000000000000000000000000000000000000
2 1 100 7 0000000000000000000000000000000000000000
2 1 100 2024 0000000000000000000000000000000000000000
2 1 100 2654435769 0000000000000000000000000000000000000000
2 1 100 4294967295 0000000000000000000000000000000000000000
2 2 - 1 0101100101010110100101100110010110100110
2 2 - 7 0101010101011001011010100101100110011001
2 2 - 2024 0110101001101001100110011010010110011010
2 2 - 2654435769 0101100110010110010101101001101010010101
2 2 - 4294967295 1010010101101010100101101001010110011010
2 2 100,100 1 0101100101010110100101100110010110100110
2 2 100,100 7 0101010101011001011010100101100110011001
2 2 100,100 2024 0110101001101001100110011010010110011010
2 2 100,100 2654435769 0101100110010110010101101001101010010101
2 2 100,100 4294967295 1010010101101010100101101001010110011010
2 3 - 1 0210212012102010212012101202012012101020
2 3 - 7 2102012010121021202101202012102102010121
2 3 - 2024 2102102012010210212010121020210120210120
2 3 - 2654435769 1201201021201202010212101021202102010210
2 3 - 4294967295 0210120212010121202010210210212012010212
2 3 100,100,100 1 0210212012102010212012101202012012101020
2 3 100,100,100 7 2102012010121021202101202012102102010121
2 3 100,100,100 2024 2102102012010210212010121020210120210120
2 3 100,100,100 2654435769 1201201021201202010212101021202102010210
2 3 100,100,100 4294967295 0210120212010121202010210210212012010212
2 4 - 1 0123023132012310321012032031210313203201
2 4 - 7 2013123030121032031201232013213030210123
2 4 - 2024 1032103212032031032103210213012303123210
2 4 - 2654435769 1230210303120132013203123120203130123120
2 4 - 4294967295 1023032131203120103231201230120301320321
2 4 100,100,100,100 1 0123023132012310321012032031210313203201
2 4 100,100,100,100 7 2013123030121032031201232013213030210123
2 4 100,100,100,100 2024 1032103212032031032103210213012303123210
2 4 100,100,100,100 2654435769 1230210303120132013203123120203130123120
2 4 100,100,100,100 4294967295 1023032131203120103231201230120301320321
2 5 - 1 1230413240203412013414320410230243101432
2 5 - 7 0214301342142302031432401204132314041230
2 5 - 2024 3420134201210343410240231214030231431042
2 5 - 2654435769 3140203214204132314023014142302014324301
2 5 - 4294967295 1243020413034123401230214243104310210423
2 5 100,100,100,100,100 1 1230413240203412013414320410230243101432
2 5 100,100,100,100,100 7 0214301342142302031432401204132314041230
2 5 100,100,100,100,100 2024 3420134201210343410240231214030231431042
2 5 100,100,100,100,100 2654435769 3140203214204132314023014142302014324301
2 5 100,100,100,100,100 4294967295 1243020413034123401230214243104310210423
2 6 - 1 0435210352140241534312503250141503245341
2 6 - 7 2304150145325321040524312450134210534503
2 6 - 2024 5430125143205230140324154051234231053421
2 6 - 2654435769 1035240423513021453052414523015041324213
2 6 - 4294967295 1245302540132540130152343245014123053251
2 6 100,100,100,100,100,100 1 0435210352140241534312503250141503245341
2 6 100,100,100,100,100,100 7 2304150145325321040524312450134210534503
2 6 100,100,100,100,100,100 2024 5430125143205230140324154051234231053421
2 6 100,100,100,100,100,100 2654435769 1035240423513021453052414523015041324213
2 6 100,100,100,100,100,100 4294967295 1245302540132540130152343245014123053251
3 1 - 1 0000000000000000000000000000000000000000
3 1 - 7 0000000000000000000000000000000000000000
3 1 - 2024 0000000000000000000000000000000000000000
3 1 - 2654435769 0000000000000000000000000000000000000000
3 1 - 4294967295 0000000000000000000000000000000000000000
3 1 100 1 0000000000000000000000000000000000000000
3 1 100 7 0000000000000000000000000000000000000000
3 1 100 2024 0000000000000000000000000000000000000000
3 1 100 2654435769 0000000000000000000000000000000000000000
3 1 100 4294967295 0000000000000000000000000000000000000000
3 1 0 1 0000000000000000000000000000000000000000
3 1 0 7 0000000000000000000000000000000000000000
3 1 0 2024 0000000000000000000000000000000000000000
3 1 0 2654435769 0000000000000000000000000000000000000000
3 1 0 4294967295 0000000000000000000000000000000000000000
3 1 100 1 0000000000000000000000000000000000000000
3 1 100 7 0000000000000000000000000000000000000000
3 1 100 2024 0000000000000000000000000000000000000000
3 1 100 2654435769 0000000000000000000000000000000000000000
3 1 100 4294967295 0000000000000000000000000000000000000000
3 2 - 1 0000000000000000000000000000000000000000
3 2 - 7 0000000000000000000000000000000000000000
3 2 - 2024 0000000000000000000000000000000000000000
3 2 - 2654435769 0000000000000000000000000000000000000000
3 2 - 4294967295 0000000000000000000000000000000000000000
3 2 100,100 1 0001101110110111000111110011000011000000
3 2 100,100 7 0010111111011101101011101110101010111110
3 2 100,100 2024 1110110011111111011100100010001000010001
3 2 100,100 2654435769 0010010010111110010011000110011011000010
3 2 100,100 4294967295 1110001111011101100010011101101000101111
3 2 30,30 1 0100000111111001110111001101100100001110
3 2 30,30 7 1010000011110001101101010001011111000011
3 2 30,30 2024 1001110000111100111010101010100011011000
3 2 30,30 2654435769 1010101110011010100011011000011100101100
3 2 30,30 4294967295 1110000110100001110111000111110100110001
3 2 0,0 1 .0.0.....0.0.0000.00.000..00...0..0.00..
3 2 0,0 7 0..00..00.0.00...0..0..0..0.0000....00..
3 2 0,0 2024 .0...0.0....0.........0000.0..0.....000.
3 2 0,0 2654435769 .00.....0000.0.....0.0000.0000.0.0..0.0.
3 2 0,0 4294967295 000...0.0.000.0..0...0..0....00.000000.0
3 3 - 1 0100001001000011001010100010000010100101
3 3 - 7 0000110001011111000011101001010000011000
3 3 - 2024 1101010000100100100100011110010010010000
3 3 - 2654435769 0100000100100101001101010110100000000001
3 3 - 4294967295 0100000011000010100001100100100101010000
3 3 100,100,100 1 0001000120100222101211110010021001102122
3 3 100,100,100 7 0011201111011012000010211010222111200100
3 3 100,100,100 2024 0001102011210201220212200212021001121121
3 3 100,100,100 2654435769 0010122212200002021220000201220010110022
3 3 100,100,100 4294967295 0012201210020002212000221221212222012010
3 3 30,100,100 1 2120100100011212221112212022221122212011
3 3 30,100,100 7 2122221111120220102221122122021201221110
3 3 30,100,100 2024 0121221121121122111211121011211122121212
3 3 30,100,100 2654435769 2122222012121221121220020102120122021020
3 3 30,100,100 4294967295 1212112111220122220121211122222021121111
3 3 0,0,0 1 ..00.0....0..0.........00....00....0..0.
3 3 0,0,0 7 .000..0.0........000...0.0..0..0.0...000
3 3 0,0,0 2024 .......0....0.0...0.0......00.0..0..0000
3 3 0,0,0 2654435769 0.0.000.00.00...........0.....000.0000..
3 3 0,0,0 4294967295 ..000000..0000....00..........0.0.......
3 4 - 1 0021202020002111020021112010220000121000
3 4 - 7 1201100100001102202000010200101000000002
3 4 - 2024 2000002122221002000020010000200002020000
3 4 - 2654435769 2102020001100022020120100201012020201210
3 4 - 4294967295 0012001012000012202221000000201011100121
3 4 100,100,100,100 1 0322322121120212000210302231330233232031
3 4 100,100,100,100 7 3330220201232022223300313231133311011210
3 4 100,100,100,100 2024 1320203301130223033233033130011310203320
3 4 100,100,100,100 2654435769 3003300331033010031301032201321112322220
3 4 100,100,100,100 4294967295 0231100233022113221133103222100131201222
3 4 0,0,0,0 1 .0.......0.0....0.00.......0...0.....0..
3 4 0,0,0,0 7 ........0.0......0..0.....0..0.0....00..
3 4 0,0,0,0 2024 .0...0................0.00.0..0.....000.
3 4 0,0,0,0 2654435769 ..0.....0..0.0.......0.00.0.0..0.0......
3 4 0,0,0,0 4294967295 00........000....0......0....0.....00...
3 4 0,50,0,70 1 3133313313333313311331311331111331113331
3 4 0,50,0,70 7 1333111133111333133111331333133311113331
3 4 0,50,0,70 2024 3313113313333111133331313133333333333313
3 4 0,50,0,70 2654435769 1313111113133331131113131133133113113311
3 4 0,50,0,70 4294967295 3333131133313311331113133313113131131113
3 5 - 1 3031030000112100033313331332110131031200
3 5 - 7 0220221101121010331000011322133033310110
3 5 - 2024 2312331020110103000331030202003000003003
3 5 - 2654435769 0010121302220111301303000231122323002121
3 5 - 4294967295 0201130311033212001013112102301332003323
3 5 100,100,100,100,100 1 1242312442314211133242242043122123412033
3 5 100,100,100,100,100 7 1212422243144100124233044002410124244332
3 5 100,100,100,100,100 2024 3221244024242422024023124101200443230031
3 5 100,100,100,100,100 2654435769 3030303042310230313011331231411130242420
3 5 100,100,100,100,100 4294967295 3334431344233140013244024200410312241124
3 5 0,0,0,0,0 1 .0......00......0.............0.......0.
3 5 0,0,0,0,0 7 0.......0....0.....0000........0.......0
3 5 0,0,0,0,0 2024 .........0......000...0...0.0..0.0.0.0..
3 5 0,0,0,0,0 2654435769 0..0........0....0..0.............00....
3 5 0,0,0,0,0 4294967295 ......0.........0..0.........0.....0....
3 6 - 1 0120024001230011301343102013022340123124
3 6 - 7 3220142304341144002214404234013002041022
3 6 - 2024 4104010000400420402420311140240042040002
3 6 - 2654435769 2100222400102104004101310413132023220234
3 6 - 4294967295 3102220214000210432201403400430401313303
3 6 100,100,100,100,100,100 1 0323311250011555445344230400554255240244
3 6 100,100,100,100,100,100 7 4120221200005545550000352505431125453030
3 6 100,100,100,100,100,100 2024 3344352230122240240153310425522501235401
3 6 100,100,100,100,100,100 2654435769 2021255203311004451203431220130513152034
3 6 100,100,100,100,100,100 4294967295 0051502222211215425413121430423301505553
3 6 0,0,0,0,0,0 1 ...0.........0.........0................
3 6 0,0,0,0,0,0 7 ...0....0........0.....0....0..0.....0..
3 6 0,0,0,0,0,0 2024 .......0....0..............0..0.....000.
3 6 0,0,0,0,0,0 2654435769 ..0.....00.0............0......0....0...
3 6 0,0,0,0,0,0 4294967295 ..0...0...000.................0.0.......
4 1 - 1 0....................0....0.............
4 1 - 7 0.......................................
4 1 - 2024 0.......................................
4 1 - 2654435769 0.......................................
4 1 - 4294967295 0.....0......0..........................
4 1 100 1 0000000000000000000000000000000000000000
4 1 100 7 0000000000000000000000000000000000000000
4 1 100 2024 0000000000000000000000000000000000000000
4 1 100 2654435769 0000000000000000000000000000000000000000
4 1 100 4294967295 0000000000000000000000000000000000000000
4 1 0 1 ..........................0.............
4 1 0 7 ........................................
4 1 0 2024 ........................................
4 1 0 2654435769 ........................................
4 1 0 4294967295 ......0......0..........................
4 1 100 1 0000000000000000000000000000000000000000
4 1 100 7 0000000000000000000000000000000000000000
4 1 100 2024 0000000000000000000000000000000000000000
4 1 100 2654435769 0000000000000000000000000000000000000000
4 1 100 4294967295 0000000000000000000000000000000000000000
4 2 - 1 0101010101010101010101010101010101010101
4 2 - 7 0101010101010101010101010101010101010101
4 2 - 2024 0101010101010101010101010101010101010101
4 2 - 2654435769 0101010101010101010101010101010101010101
4 2 - 4294967295 0101010101010101010101010101010101010101
4 2 100,100 1 0101010101010101010101010101010101010101
4 2 100,100 7 0101010101010101010101010101010101010101
4 2 100,100 2024 1010101010101010101010101010101010101010
4 2 100,100 2654435769 0101010101010101010101010101010101010101
4 2 100,100 4294967295 1010101010101010101010101010101010101010
4 2 30,30 1 0.......1.010101.0.1..0..101.0...1..0...
4 2 30,30 7 010.1.0...1010.10..1.0101.010.1.........
4 2 30,30 2024 .10.101.0.1.01.0..1.0.10...1.010101.....
4 2 30,30 2654435769 0.......10..1..........0.1..0.....1..01.
4 2 30,30 4294967295 .0...1.0...1..0.10..1....0....1...0.10.1
4 2 0,0 1 ..........................0.............
4 2 0,0 7 ........................................
4 2 0,0 2024 ........................................
4 2 0,0 2654435769 ........................................
4 2 0,0 4294967295 ......0......0..........................
4 3 - 1 0201012012010121012020201020101020201202
4 3 - 7 0101210102021212010121202012020101021010
4 3 - 2024 1202020101201201201201021210120120120101
4 3 - 2654435769 0201010201201202012102020210201010101012
4 3 - 4294967295 0201010121010120201012101201201202020101
4 3 100,100,100 1 0102102120210212010212120121010121010101
4 3 100,100,100 7 0120212121021202102021202120202020212120
4 3 100,100,100 2024 0210210121212121021201201020102010120102
4 3 100,100,100 2654435769 0120120120212120120121010210121021010120
4 3 100,100,100 4294967295 0210102121021202101020121202102010202121
4 3 30,100,100 1 2121210212020212121212121202120120120121
4 3 30,100,100 7 2121020202121010212121212120212120212121
4 3 30,100,100 2024 0212101021021202121212120121212120101012
4 3 30,100,100 2654435769 2101212121020212021212012021210121212020
4 3 30,100,100 4294967295 1020102121212121201212102102120121012102
4 3 0,0,0 1 ..........................0.............
4 3 0,0,0 7 ........................................
4 3 0,0,0 2024 ........................................
4 3 0,0,0 2654435769 ........................................
4 3 0,0,0 4294967295 ......0......0..........................
4 4 - 1 0131303030103121030131213020320101231010
4 4 - 7 1302101201012103203010120301202010101013
4 4 - 2024 2010103132321013010130120101301013030101
4 4 - 2654435769 2103030102101032030230201302023030302310
4 4 - 4294967295 0123012023010123203231010101302021201231
4 4 100,100,100,100 1 0102010230201323102312120120131012103132
4 4 100,100,100,100 7 3021302121021023010120312020323121301201
4 4 100,100,100,100 2024 1012103021310302320313201313031012131231
4 4 100,100,100,100 2654435769 3020232313201013031320101302320120210132
4 4 100,100,100,100 4294967295 0123202310130103213010321321313232023020
4 4 0,0,0,0 1 ..........................0.............
4 4 0,0,0,0 7 ........................................
4 4 0,0,0,0 2024 ........................................
4 4 0,0,0,0 2654435769 ........................................
4 4 0,0,0,0 4294967295 ......0......0..........................
4 4 0,50,0,70 1 3131313131313131313131313131313131313131
4 4 0,50,0,70 7 1313131313131313131313131313131313131313
4 4 0,50,0,70 2024 3131310313131313131313131313131313131313
4 4 0,50,0,70 2654435769 1313131313131313131313131313131313131313
4 4 0,50,0,70 4294967295 3131313131313131313131313131313131313131
4 5 - 1 3041040101213101043414341432120241041301
4 5 - 7 0320321202131020431010121423143043410210
4 5 - 2024 2413431030210204010431040303014010104014
4 5 - 2654435769 0120231403230212402404010341232424013131
4 5 - 4294967295 0302140412043213012024123103402432014324
4 5 100,100,100,100,100 1 1423423131230313010310403241430343242041
4 5 100,100,100,100,100 7 1430320302342032324301414241243412021310
4 5 100,100,100,100,100 2024 3420304302140324043243043140121410304320
4 5 100,100,100,100,100 2654435769 3014301431043020141402042302421213423230
4 5 100,100,100,100,100 4294967295 3241201343032124231243104232101241302323
4 5 0,0,0,0,0 1 ..........................0.............
4 5 0,0,0,0,0 7 ........................................
4 5 0,0,0,0,0 2024 ........................................
4 5 0,0,0,0,0 2654435769 ........................................
4 5 0,0,0,0,0 4294967295 ......0......0..........................
4 6 - 1 0230135012340121402453103024032450234135
4 6 - 7 3230252405351254013215405245024013051032
4 6 - 2024 4105020101501520503520412150350152050103
4 6 - 2654435769 2101323501203105015102410514142034230345
4 6 - 4294967295 3103230315010310532302504501530502414304
4 6 100,100,100,100,100,100 1 0352413542415212143252352053132134513043
4 6 100,100,100,100,100,100 7 4213523253154101235243054013510235254342
4 6 100,100,100,100,100,100 2024 3231354035252523035034135102301543240141
4 6 100,100,100,100,100,100 2654435769 2040404052410340414021431341512140352520
4 6 100,100,100,100,100,100 4294967295 0435431454243150124254035201510413251235
4 6 0,0,0,0,0,0 1 ..........................0.............
4 6 0,0,0,0,0,0 7 ........................................
4 6 0,0,0,0,0,0 2024 ........................................
4 6 0,0,0,0,0,0 2654435769 ........................................
4 6 0,0,0,0,0,0 4294967295 ......0......0..........................
